13236
13705
13707
14013
14087
14089
14095
14100
14125
14566
14568
14571
14900
14902
14904
14991
15048
15052
15057
15059
15061
15063
15065
15067
15071
15072
15075
15078
15106
15108
15110
15112
15152
15227
15231
15232
15234
15239
15240
15241
15242
15328
15349
15351
15353
15355
15357
15359
15363
15370
15372
15384
15386
15450
15452
15454
15457
15461
15463
15465
15467
15470
15472
15474
15537
15552
15589
15591
15593
15595
15597
15599
15602
15612
15671
15702
15703
15708
15709
15891
15897
16224
16232
16236
16243
16251
16260
16290
16294
